4.929899999999998727e+03 3.338700000000000000e+04
5.167092940069181168e+03 2.975600000000000000e+04
5.415697975884462721e+03 2.609000000000000000e+04
5.676264179139448970e+03 2.276900000000000000e+04
5.949367039087826015e+03 1.999000000000000000e+04
6.235609733574920938e+03 1.722300000000000000e+04
6.535624461222679201e+03 1.511100000000000000e+04
6.850073837710127918e+03 1.314600000000000000e+04
7.179652359233382413e+03 1.128800000000000000e+04
7.525087936377180995e+03 9.504000000000000000e+03
7.887143501785899389e+03 8.344000000000000000e+03
8.266618695184586613e+03 7.288000000000000000e+03
8.664351629471631895e+03 6.028000000000000000e+03
9.081220741783776248e+03 4.934000000000000000e+03
9.518146733621530075e+03 4.388000000000000000e+03
9.976094604320251165e+03 3.888000000000000000e+03
1.045607578235775327e+04 3.417000000000000000e+03
1.095915035920588889e+04 2.670000000000000000e+03
1.148642943065972759e+04 2.120000000000000000e+03
1.203907755081538562e+04 1.861000000000000000e+03
1.261831530411642416e+04 1.690000000000000000e+03
1.322542200114952357e+04 1.534000000000000000e+03
1.386173850414315712e+04 1.282000000000000000e+03
1.452867018841016215e+04 9.710000000000000000e+02
1.522769004627431605e+04 6.950000000000000000e+02
1.596034194033671156e+04 5.670000000000000000e+02
1.672824401326677980e+04 5.100000000000000000e+02
1.753309226164939537e+04 4.750000000000000000e+02
1.837666428178060596e+04 4.280000000000000000e+02
1.926082319568557068e+04 3.820000000000000000e+02
2.018752176602926193e+04 3.440000000000000000e+02
2.115880670900885889e+04 2.840000000000000000e+02
2.217682321475245408e+04 1.890000000000000000e+02
2.324381968520857845e+04 9.400000000000000000e+01
2.436215269999038355e+04 7.000000000000000000e+01
2.553429222114194636e+04 6.400000000000000000e+01
2.676282704832268428e+04 6.400000000000000000e+01
2.805047053645727647e+04 6.400000000000000000e+01
2.940006658847989092e+04 6.400000000000000000e+01
3.081459593640816456e+04 6.400000000000000000e+01
3.229718272461898960e+04 6.400000000000000000e+01
3.385110140986696933e+04 6.400000000000000000e+01
3.547978399328375235e+04 6.400000000000000000e+01
3.718682760033194063e+04 6.400000000000000000e+01
3.897600242545386573e+04 6.400000000000000000e+01
4.085126005896306742e+04 6.000000000000000000e+01
4.281674221456789383e+04 3.400000000000000000e+01
4.487678987680406135e+04 1.800000000000000000e+01
4.703595288857835840e+04 7.000000000000000000e+00
4.929899999999998545e+04 7.000000000000000000e+00
